iso2,name,capital,region,currency,gdp,gdp_per_capita,gdp_growth,life_expectancy_female,life_expectancy_male,fertility,infant_mortality,sex_ratio,population,pop_growth,pop_density,urban_population,urban_population_growth,imports,exports,unemployment,employment_industry,employment_agriculture,employment_services,tourists,surface_area,forested_area,internet_users,homicide_rate,refugees,threatened_species,primary_school_enrollment_female,primary_school_enrollment_male,secondary_school_enrollment_female,secondary_school_enrollment_male,post_secondary_enrollment_female,post_secondary_enrollment_male,co2_emissions
AF,Afghanistan,Kabul,Southern Asia,"{'code': 'AFN', 'name': 'Afghani'}",20514.0,551.9,-1.7,65.8,62.8,4.6,51.7,105.4,38928.0,2.5,59.6,25.8,4.0,8370.0,1038.0,11.2,18.3,42.4,39.4,1328.5,652864.0,2.1,13.5,6.7,2826.4,40.0,82.9,124.2,40.0,70.1,4.9,14.2,130.85
AL,Albania,Tirana,Southern Europe,"{'code': 'ALL', 'name': 'Lek'}",15059.0,5223.8,4.1,80.1,76.7,1.6,8.0,103.7,2878.0,-0.1,105.0,61.2,1.8,5908.0,2720.0,12.8,20.2,36.1,43.7,5340.0,28748.0,28.2,71.8,2.3,4.3,142.0,109.1,105.2,95.7,95.2,67.6,43.0,4.3
DZ,Algeria,Algiers,Northern Africa,"{'code': 'DZD', 'name': 'Algerian Dinar'}",173757.0,4114.7,1.4,77.8,75.4,3.0,21.2,102.1,43851.0,2.0,18.4,73.2,2.9,45140.0,34571.0,11.5,30.7,9.7,59.6,2657.0,2381741.0,0.8,49.0,1.4,99.5,155.0,107.3,112.4,101.5,97.8,64.4,38.8,130.5
AD,Andorra,Andorra La Vella,Southern Europe,"{'code': 'EUR', 'name': 'Euro'}",3238.0,42051.6,1.6,83.8,78.2,1.2,3.5,102.3,77.0,-0.2,164.2,88.0,-1.7,1538.0,124.0,12.7,25.6,5.8,66.8,3042.0,468.0,34.0,91.6,0.0,15.600000000000001,15.0,100.44999999999999,101.15,101.15,99.35,69.6,54.85,19.25
AO,Angola,Luanda,Middle Africa,"{'code': 'AOA', 'name': 'Kwanza'}",105902.0,3437.3,-1.2,63.4,57.8,5.6,61.5,97.9,32866.0,3.3,26.4,66.2,4.7,21340.0,50822.0,6.8,8.1,50.2,41.7,218.0,1246700.0,46.4,14.3,4.8,70.1,171.0,105.9,121.1,39.7,61.8,8.5,10.2,18.0
AG,Antigua And Barbuda,Saint John's,Caribbean,"{'code': 'XCD', 'name': 'E. Caribbean Dollar'}",1611.0,16727.0,7.4,77.9,75.7,2.0,5.2,93.3,98.0,0.9,222.6,24.5,0.1,568.0,37.0,10.9,15.6,2.8,81.6,269.0,442.0,22.3,76.0,11.1,0.2,61.0,104.6,105.4,109.1,113.3,34.3,15.3,18.0
AR,Argentina,Buenos Aires,South America,"{'code': 'ARS', 'name': 'Argentine Peso'}",518475.0,11687.6,-2.5,79.8,73.0,2.3,10.2,95.3,45196.0,1.0,16.5,92.0,1.2,49125.0,65114.0,10.4,21.0,0.1,78.9,6942.0,2780400.0,9.9,74.3,5.3,165.6,285.0,109.6,109.9,111.0,106.5,112.8,67.8,183.4
AM,Armenia,Yerevan,Western Asia,"{'code': 'AMD', 'name': 'Armenian Dram'}",12433.0,4212.1,5.2,78.3,71.1,1.8,10.8,88.8,2963.0,0.3,104.1,63.2,0.2,5053.0,2612.0,16.6,17.5,28.9,53.6,1652.0,29743.0,11.7,64.7,1.7,19.0,119.0,92.7,92.7,84.8,81.7,62.6,47.1,5.2
AU,Australia,Canberra,Oceania,"{'code': 'AUD', 'name': 'Australian Dollar'}",1453871.0,58392.7,2.0,85.2,81.2,1.8,3.1,99.2,25500.0,1.3,3.3,86.1,1.6,221481.0,266377.0,5.3,19.8,2.5,77.7,9246.0,7692060.0,16.2,86.5,0.9,129.2,1308.0,100.3,100.3,141.2,159.0,133.3,93.8,384.6
AT,Austria,Vienna,Western Europe,"{'code': 'EUR', 'name': 'Euro'}",455508.0,51230.3,2.4,83.8,78.9,1.5,3.2,97.2,9006.0,0.7,109.3,58.5,0.7,176596.0,171532.0,4.8,25.0,3.5,71.5,30816.0,83871.0,46.9,87.5,1.0,163.7,185.0,103.0,103.2,98.3,102.5,92.5,78.1,64.9
AZ,Azerbaijan,Baku,Western Asia,"{'code': 'AZN', 'name': 'Azerbaijan Manat'}",46939.0,4717.7,1.4,75.3,70.3,2.1,20.8,99.8,10139.0,1.0,122.7,56.0,1.7,13649.0,19636.0,6.0,15.0,35.5,49.5,2633.0,86600.0,13.8,79.8,2.2,625.2,102.0,100.0,99.5,94.5,94.4,29.7,25.9,30.8
BS,Bahamas,Nassau,Caribbean,"{'code': 'BSD', 'name': 'Bahamian Dollar'}",12424.0,32218.1,1.6,75.9,71.5,1.8,5.9,94.5,393.0,1.0,39.3,83.1,1.5,4087.0,494.0,11.3,14.0,2.1,83.9,1633.0,13940.0,51.4,85.0,32.0,0.0,96.0,81.2,81.6,71.6,67.3,51.0,32.3,18.0
BH,Bahrain,Manama,Western Asia,"{'code': 'BHD', 'name': 'Bahraini Dinar'}",37876.0,24133.5,2.5,78.2,76.2,2.0,6.0,183.1,1702.0,4.3,2238.9,89.4,2.1,18680.0,14355.0,0.8,35.1,1.0,64.0,12045.0,771.0,0.8,98.6,0.5,0.3,47.0,98.8,100.0,101.7,95.8,67.8,37.0,29.8
BD,Bangladesh,Dhaka,Southern Asia,"{'code': 'BDT', 'name': 'Taka'}",269628.0,1670.8,7.9,74.1,70.5,2.1,26.8,102.2,164689.0,1.1,1265.2,37.4,3.5,66060.0,34186.0,4.2,21.6,37.7,40.6,1026.0,147570.0,11.0,15.0,2.4,911.8,165.0,120.8,112.4,78.3,67.4,17.0,24.0,78.3
BB,Barbados,Bridgetown,Caribbean,"{'code': 'BBD', 'name': 'Barbados Dollar'}",5087.0,17745.9,-0.4,80.4,77.6,1.6,10.0,93.8,287.0,0.1,668.3,31.2,-0.1,1618.0,462.0,10.9,18.9,2.6,78.5,680.0,431.0,14.7,81.8,9.8,0.0,62.0,97.5,101.2,105.8,101.8,90.6,40.3,18.0
BY,Belarus,Minsk,Eastern Europe,"{'code': 'BYN', 'name': 'Belarusian Ruble'}",59662.0,6311.7,3.0,79.3,69.3,1.7,3.0,87.1,9449.0,0.0,46.6,79.0,0.7,39317.0,32764.0,4.6,30.2,10.8,59.0,11502.0,207600.0,42.5,79.1,2.4,8.6,30.0,100.4,100.6,101.7,103.1,95.1,80.2,54.1
BE,Belgium,Brussels,Western Europe,"{'code': 'EUR', 'name': 'Euro'}",543026.0,47293.0,1.5,83.7,79.0,1.7,2.8,98.3,11590.0,0.5,382.7,98.0,0.7,426489.0,445214.0,5.7,20.6,0.9,78.4,9119.0,30528.0,22.6,88.7,1.7,83.5,66.0,104.0,103.9,167.8,149.7,90.5,69.3,90.4
BZ,Belize,Belmopan,Central America,"{'code': 'BZD', 'name': 'Belize Dollar'}",1871.0,4884.7,2.1,77.6,71.4,2.3,12.8,98.9,398.0,1.9,17.4,45.9,2.3,986.0,245.0,6.4,15.7,16.6,67.7,489.0,22966.0,59.9,47.1,37.8,6.5,143.0,108.7,114.6,87.1,83.7,30.5,18.8,9.4
BJ,Benin,Porto-Novo,Western Africa,"{'code': 'XOF', 'name': 'Cfa Franc, Bceao'}",10412.0,906.5,6.5,62.8,59.8,4.9,61.1,99.8,12123.0,2.7,107.5,47.9,4.0,3967.0,1706.0,2.0,19.1,38.0,42.9,295.0,114763.0,38.2,20.0,1.1,1.6,106.0,118.0,125.8,50.7,67.1,7.5,17.0,6.8
BT,Bhutan,Thimphu,Southern Asia,"{'code': 'BTN', 'name': 'Ngultrum'}",2658.0,3523.8,5.8,71.6,71.0,2.0,24.1,113.4,772.0,1.2,20.2,41.6,3.7,1049.0,659.0,2.4,11.1,54.6,34.3,274.0,38394.0,72.2,48.1,1.2,911.8,101.0,100.2,100.1,95.7,84.7,15.5,15.6,130.85
BO,"Bolivia, Plurinational State Of",Sucre,South America,"{'code': 'BOB', 'name': 'Boliviano'}",40288.0,3548.6,4.2,74.0,68.3,2.8,29.7,100.7,11673.0,1.4,10.8,69.8,2.1,9783.0,8988.0,3.4,19.4,30.4,50.3,1142.0,1098581.0,50.6,44.3,6.2,0.9,296.0,97.6,98.6,88.8,90.7,59.55,47.3,21.9
BA,Bosnia And Herzegovina,Sarajevo,Southern Europe,"{'code': 'BAM', 'name': 'Convertible Mark'}",19782.0,5951.4,2.6,79.6,74.6,1.3,6.0,96.0,3281.0,-0.9,64.3,48.6,-0.3,11159.0,6578.0,18.4,32.3,15.1,52.6,1053.0,51209.0,42.7,70.1,1.2,151.7,104.0,100.44999999999999,101.15,101.15,99.35,69.6,54.85,22.3
BW,Botswana,Gaborone,Southern Africa,"{'code': 'BWP', 'name': 'Pula'}",18615.0,8258.2,4.5,71.9,66.0,2.9,30.2,93.9,2352.0,2.1,4.1,70.2,3.3,6559.0,5238.0,18.7,18.1,20.4,61.5,1623.0,582000.0,19.1,47.0,15.2,2.3,33.0,102.1,104.4,83.5,76.4,29.2,20.5,7.7
BR,Brazil,Brasilia,South America,"{'code': 'BRL', 'name': 'Brazilian Real'}",1868613.0,8920.7,1.1,79.3,71.9,1.7,13.0,96.6,212559.0,0.8,25.4,86.8,1.2,177348.0,225383.0,12.0,19.6,9.1,71.3,6621.0,8515767.0,59.0,70.4,27.4,271.6,1078.0,113.4,117.4,102.4,99.3,59.4,43.5,427.6
BN,Brunei Darussalam,Bandar Seri Begawan,South-Eastern Asia,"{'code': 'BND', 'name': 'Brunei Dollar'}",13567.0,31627.2,0.1,76.9,74.5,1.8,7.9,107.8,438.0,1.1,83.0,77.9,1.9,5103.0,7039.0,9.0,15.8,1.3,82.8,278.0,5765.0,72.1,94.9,0.5,20.9,275.0,103.6,102.7,94.6,92.4,38.7,24.8,6.7
BG,Bulgaria,Sofia,Eastern Europe,"{'code': 'BGN', 'name': 'Bulgarian Lev'}",66199.0,9387.8,3.1,78.5,71.3,1.6,6.3,94.4,6948.0,-0.7,64.0,75.3,-0.2,37902.0,33638.0,3.8,30.1,6.3,63.7,9273.0,111002.0,35.2,64.8,1.3,21.2,127.0,89.1,89.6,96.8,99.5,78.8,63.7,42.8
BF,Burkina Faso,Ouagadougou,Western Africa,"{'code': 'XOF', 'name': 'Cfa Franc, Bceao'}",16200.0,820.2,6.8,61.6,60.1,5.2,54.2,99.9,20903.0,2.9,76.4,30.0,5.2,5193.0,2927.0,6.4,33.9,24.7,41.4,144.0,272967.0,19.6,16.0,1.3,196.3,36.0,95.3,96.9,40.7,40.7,4.8,8.2,8.3
BI,Burundi,Gitega,Eastern Africa,"{'code': 'BIF', 'name': 'Burundi Franc'}",3285.0,294.0,0.1,62.8,59.2,5.4,42.4,98.5,11891.0,3.1,463.0,13.4,5.6,792.0,155.0,1.4,1.4,92.0,6.5,299.0,27830.0,10.7,2.7,6.1,121.2,188.0,122.2,120.7,51.1,45.8,3.8,8.4,8.649999999999999
CV,Cape Verde,Praia,Western Africa,"{'code': 'CVE', 'name': 'Cabo Verde Escudo'}",1977.0,3635.4,5.1,75.9,69.2,2.3,16.9,100.8,556.0,1.2,138.0,66.2,2.0,941.0,76.0,12.3,22.1,11.1,66.8,710.0,4033.0,22.3,57.2,6.8,0.1,119.0,100.5,107.5,92.5,83.9,28.3,19.0,8.3
KH,Cambodia,Phnom Penh,South-Eastern Asia,"{'code': 'KHR', 'name': 'Riel'}",24572.0,1512.1,7.5,71.5,67.2,2.5,23.7,95.4,16719.0,1.5,94.7,23.8,3.4,21413.0,14276.0,0.7,29.6,31.2,39.2,6201.0,181035.0,53.6,40.0,1.8,57.4,280.0,106.1,108.7,41.6,48.7,12.9,14.4,10.8
CM,Cameroon,Yaoundã,Middle Africa,"{'code': 'XAF', 'name': 'Cfa Franc, Beac'}",38694.0,1534.5,4.1,60.0,57.5,4.6,61.2,100.1,26546.0,2.6,56.2,57.0,3.8,3262.0,1750.0,3.4,15.1,42.9,42.1,1081.0,475650.0,39.8,23.2,1.4,1463.2,890.0,98.0,108.7,55.4,64.6,11.4,14.1,6.2
CA,Canada,Ottawa,Northern America,"{'code': 'CAD', 'name': 'Canadian Dollar'}",1712562.0,46192.4,1.9,84.2,80.2,1.5,4.5,98.5,37742.0,0.9,4.2,81.5,1.1,453234.0,446148.0,5.4,19.4,1.4,79.2,21134.0,9984670.0,38.7,91.0,1.8,189.8,173.0,100.8,101.1,114.5,113.0,79.3,59.1,547.8
CF,Central African Republic,Bangui,Middle Africa,"{'code': 'XAF', 'name': 'Cfa Franc, Beac'}",2243.0,480.7,4.3,54.9,50.5,4.8,81.9,98.3,4830.0,1.4,7.8,41.8,1.1,89.0,324.0,3.7,5.4,77.1,17.5,107.0,622984.0,35.6,4.3,20.1,712.6,73.0,89.4,114.6,13.8,20.5,1.6,4.4,3.4
TD,Chad,N'djamena,Middle Africa,"{'code': 'XAF', 'name': 'Cfa Franc, Beac'}",11387.0,735.7,2.4,55.2,52.4,5.8,74.5,99.7,16426.0,3.0,13.0,23.3,3.8,319.0,613.0,1.9,2.1,76.3,21.6,87.0,1284000.0,3.9,6.5,4.05,667.4,48.0,75.5,98.2,14.2,30.9,1.5,5.0,3.4
CL,Chile,Santiago,South America,"{'code': 'CLP', 'name': 'Chilean Peso'}",298231.0,15923.4,4.0,82.3,77.4,1.6,6.7,97.3,19116.0,1.2,25.7,87.6,1.0,69591.0,69681.0,7.1,22.0,8.8,69.2,5723.0,756102.0,23.9,82.3,4.4,385.5,240.0,99.9,102.9,102.0,101.6,94.7,82.5,86.1
CN,China,Beijing,Eastern Asia,"{'code': 'CNY', 'name': 'Yuan Renminbi'}",13608152.0,9531.9,6.6,79.0,74.5,1.7,9.9,105.3,1439324.0,0.5,153.3,60.3,2.9,2070150.0,2491820.0,4.4,28.2,24.7,47.1,62900.0,9600000.0,22.1,54.3,0.5,322.4,1172.0,100.8,99.7,88.0,88.3,55.9,45.9,9257.9
CO,Colombia,Bogota,South America,"{'code': 'COP', 'name': 'Colombian Peso'}",330228.0,6649.6,2.7,79.8,74.2,1.8,12.6,96.5,50883.0,1.4,45.9,81.1,1.4,52696.0,39489.0,9.7,20.0,16.5,63.5,3904.0,1141748.0,52.7,64.1,25.3,9717.2,1025.0,112.8,116.2,100.1,95.0,59.7,51.1,75.3
KM,Comoros,Moroni,Eastern Africa,"{'code': 'KMF', 'name': 'Comorian Franc'}",1166.0,1400.5,3.0,65.8,62.3,4.2,53.1,101.8,870.0,2.2,467.3,29.2,2.7,201.0,49.0,4.4,13.0,49.9,37.0,36.0,2235.0,19.9,8.5,6.3,0.0,127.0,99.4,99.6,61.4,57.6,8.0,9.9,8.649999999999999
CG,Congo,Brazzaville,Middle Africa,"{'code': 'XAF', 'name': 'Cfa Franc, Beac'}",14173.0,2702.6,1.0,65.6,62.7,4.4,35.3,99.8,5518.0,2.6,16.2,67.4,3.3,2242.0,5576.0,9.3,21.7,33.8,44.5,156.0,342000.0,65.4,8.6,4.05,189.8,155.0,110.5,102.8,48.8,56.3,10.1,15.2,2.8
CD,"Congo, The Democratic Republic Of The",Kinshasa,Middle Africa,"{'code': 'CDF', 'name': 'Congolese Franc'}",47146.0,560.8,5.8,61.7,58.7,6.0,64.9,99.7,89561.0,3.2,39.5,45.0,4.6,5159.0,3477.0,4.2,9.8,65.1,25.1,351.0,2344858.0,67.3,8.6,4.05,5057.8,497.0,107.6,108.4,36.0,56.3,4.7,8.5,2.2
CR,Costa Rica,San Josã,Central America,"{'code': 'CRC', 'name': 'Costa Rican Colon'}",60126.0,12026.5,2.7,82.7,77.4,1.8,7.3,99.8,5094.0,1.0,99.8,80.1,2.5,16106.0,11449.0,12.7,19.8,11.9,68.3,3017.0,51100.0,54.0,74.1,11.3,79.2,363.0,113.8,112.8,137.7,128.1,60.7,50.0,7.6
HR,Croatia,Zagreb,Southern Europe,"{'code': 'HRK', 'name': 'Kuna'}",60991.0,14674.0,2.7,81.4,75.0,1.4,4.0,93.1,4105.0,-0.6,73.4,57.2,-0.1,28004.0,17063.0,7.1,27.5,5.8,66.8,16645.0,56594.0,34.0,75.3,0.6,8.3,212.0,96.5,96.4,101.8,97.1,78.8,57.4,16.2
CU,Cuba,Havana,Caribbean,"{'code': 'CUP', 'name': 'Cuban Peso'}",100023.0,8821.8,2.2,80.7,76.7,1.6,4.5,98.6,11327.0,0.0,106.4,77.1,0.3,7498.0,828.0,1.6,16.8,17.3,65.9,4684.0,109884.0,30.8,57.1,5.0,0.3,357.0,99.6,104.1,101.9,100.4,51.0,32.3,26.2
CY,Cyprus,Nicosia,Western Asia,"{'code': 'EUR', 'name': 'Euro'}",24963.0,28967.6,4.1,82.8,78.6,1.3,3.5,99.9,1207.0,0.8,130.7,66.8,0.7,9219.0,3528.0,7.2,16.3,2.0,81.7,3939.0,9251.0,18.7,84.4,1.3,33.3,84.0,99.4,99.3,99.5,101.1,82.4,69.6,6.4
CZ,Czech Republic,Prague,Eastern Europe,"{'code': 'CZK', 'name': 'Czech Koruna'}",245226.0,22992.1,3.0,81.8,76.5,1.6,2.3,97.0,10709.0,0.2,138.6,73.9,0.2,178552.0,198852.0,1.9,37.1,2.6,60.2,13665.0,78868.0,34.5,80.7,0.6,5.7,104.0,101.0,100.4,103.9,103.1,75.3,53.4,101.7
DK,Denmark,Copenhagen,Northern Europe,"{'code': 'DKK', 'name': 'Danish Krone'}",355675.0,61833.7,2.4,82.7,78.7,1.8,3.1,98.9,5792.0,0.4,136.5,88.0,0.6,97196.0,109942.0,4.8,18.3,2.1,79.6,12749.0,42921.0,15.3,97.3,1.0,47.4,77.0,100.9,101.6,129.8,128.4,93.6,68.4,31.3
DJ,Djibouti,Djibouti,Eastern Africa,"{'code': 'DJF', 'name': 'Djibouti Franc'}",2923.0,3048.6,5.6,68.7,64.6,2.8,33.4,110.7,988.0,1.6,42.6,77.9,1.8,1344.0,143.0,10.3,13.3,32.4,54.3,63.0,23200.0,0.2,55.7,6.3,30.1,110.0,75.1,75.4,52.9,51.2,4.6,6.0,8.649999999999999
DM,Dominica,Roseau,Caribbean,"{'code': 'XCD', 'name': 'E. Caribbean Dollar'}",551.0,7691.3,2.3,78.2,73.8,1.9,12.5,103.0,75.0,0.5,100.1,70.8,0.9,304.0,18.0,10.9,17.55,9.65,70.0,63.0,750.0,57.8,69.6,26.6,0.0,74.0,113.2,116.2,93.8,94.7,51.0,32.3,18.0
DO,Dominican Republic,Santo Domingo,Caribbean,"{'code': 'DOP', 'name': 'Dominican Peso'}",81299.0,7650.1,7.0,77.1,70.7,2.4,25.9,99.8,10848.0,1.1,224.5,81.8,2.5,20599.0,11117.0,5.9,19.9,8.8,71.3,6569.0,48671.0,41.0,74.8,10.0,28.9,203.0,102.5,108.8,83.0,77.0,77.0,43.0,21.4
TL,Timor-Leste,Dili,South-Eastern Asia,"{'code': 'USD', 'name': 'Us Dollar'}",2581.0,2035.5,2.8,71.3,67.2,4.1,37.3,102.2,1318.0,1.9,88.7,30.9,3.5,536.0,154.0,4.6,9.8,43.7,46.4,75.0,14919.0,46.1,27.5,4.1,0.0,41.0,113.2,117.3,87.0,80.3,14.8,20.6,126.5
EC,Ecuador,Quito,South America,"{'code': 'USD', 'name': 'Us Dollar'}",108398.0,6344.9,1.4,79.6,74.0,2.4,13.6,100.1,17643.0,1.7,71.0,64.0,1.8,22425.0,22245.0,4.2,18.2,29.4,52.5,2535.0,257217.0,50.5,57.3,5.8,420.5,2501.0,104.1,102.4,102.8,100.1,48.4,41.5,34.3
EG,Egypt,Cairo,Northern Africa,"{'code': 'EGP', 'name': 'Egyptian Pound'}",249751.0,2537.5,5.3,74.1,69.5,3.3,15.6,102.1,102334.0,2.0,102.8,42.7,2.1,78658.0,30633.0,10.1,28.2,23.3,48.6,11196.0,1002000.0,0.1,46.9,2.6,319.5,172.0,106.5,106.1,87.3,88.5,35.8,34.6,209.2
SV,El Salvador,San Salvador,Central America,"{'code': 'USD', 'name': 'Us Dollar'}",26057.0,4058.2,2.5,77.5,68.1,2.1,14.6,88.0,6486.0,0.5,313.0,72.7,1.7,12018.0,5943.0,4.2,22.1,16.0,62.0,1677.0,21041.0,12.8,33.8,52.0,75.3,107.0,93.3,96.3,71.4,71.9,31.1,27.5,5.7
GQ,Equatorial Guinea,Malabo,Middle Africa,"{'code': 'XAF', 'name': 'Cfa Franc, Beac'}",13324.0,10179.2,-4.7,59.4,57.3,4.6,66.1,125.3,1403.0,3.7,50.0,72.6,5.6,3902.0,3939.0,6.5,18.5,42.5,38.9,187.0,28052.0,55.9,26.2,4.05,667.4,205.0,61.6,62.0,22.1,29.9,8.5,10.2,3.4
ER,Eritrea,Asmara,Eastern Africa,"{'code': 'ERN', 'name': 'Nakfa'}",6855.0,1985.4,4.2,68.0,63.6,4.1,34.7,100.5,3546.0,1.2,35.1,40.7,3.6,5677.0,18.0,5.2,8.5,60.8,30.7,142.0,117600.0,15.0,1.3,6.3,0.9,143.0,63.1,73.6,45.4,49.9,2.8,3.9,0.6
EE,Estonia,Tallinn,Northern Europe,"{'code': 'EUR', 'name': 'Euro'}",30747.0,23241.9,4.8,82.5,74.0,1.6,2.0,90.0,1326.0,0.2,31.3,69.1,-0.2,18659.0,16811.0,5.4,29.4,3.1,67.6,3234.0,45227.0,51.3,89.4,2.1,77.0,48.0,97.3,97.2,118.9,116.2,84.8,55.4,16.0
SZ,Swaziland,Mbabane,Southern Africa,"{'code': 'SZL', 'name': 'Lilangeni'}",4711.0,4145.7,2.4,63.9,55.2,3.0,41.4,96.7,1160.0,1.0,67.5,24.0,2.6,1832.0,2002.0,22.0,23.5,12.3,64.2,782.0,17363.0,34.1,47.0,11.6,1.8,41.0,110.3,119.9,82.2,82.6,6.6,7.0,7.7
ET,Ethiopia,Addis Ababa,Eastern Africa,"{'code': 'ETB', 'name': 'Ethiopian Birr'}",80292.0,735.1,6.8,67.9,64.1,4.3,37.0,100.1,114964.0,2.6,115.0,21.2,4.9,9675.0,938.0,2.1,10.4,65.6,24.0,849.0,1104300.0,12.5,18.6,8.8,5444.5,180.0,96.1,105.8,34.2,35.6,5.3,10.9,13.1
FI,Finland,Helsinki,Northern Europe,"{'code': 'EUR', 'name': 'Euro'}",276878.0,50135.7,1.7,84.5,78.8,1.5,1.7,97.3,5541.0,0.2,18.2,85.4,0.8,73335.0,72802.0,6.7,22.0,3.5,74.5,3224.0,338440.0,73.1,88.9,1.6,35.0,61.0,99.9,100.4,161.5,146.8,95.7,81.0,42.6
FR,France,Paris,Western Europe,"{'code': 'EUR', 'name': 'Euro'}",2778892.0,41358.1,1.7,85.4,79.4,1.9,3.0,93.8,65274.0,0.3,119.2,80.7,0.8,651164.0,569757.0,8.3,19.9,2.4,77.7,89322.0,551500.0,31.0,82.0,1.2,473.4,366.0,102.2,102.8,104.1,103.5,72.8,58.7,306.1
GA,Gabon,Libreville,Middle Africa,"{'code': 'XAF', 'name': 'Cfa Franc, Beac'}",16994.0,8018.8,1.2,68.2,64.0,4.0,35.3,103.7,2226.0,2.7,8.6,89.7,3.9,2548.0,486.0,20.2,10.8,32.4,56.9,269.0,267668.0,89.3,62.0,4.05,0.7,329.0,137.7,142.1,37.85,56.3,8.5,10.2,3.4
GM,Gambia,Banjul,Western Africa,"{'code': 'GMD', 'name': 'Dalasi'}",1633.0,716.1,6.5,63.0,60.2,5.2,44.8,98.4,2417.0,2.9,238.8,61.9,4.4,494.0,25.0,9.1,15.8,26.6,57.7,552.0,11295.0,48.2,19.8,1.9,4.4,87.0,102.5,93.6,49.1,51.2,2.2,3.2,8.3
GE,Georgia,Tbilisi,Western Asia,"{'code': 'GEL', 'name': 'Lari'}",17600.0,4396.7,4.8,77.9,69.1,2.1,9.4,91.1,3989.0,-0.2,57.4,59.0,-0.7,9098.0,3764.0,14.7,14.2,41.3,44.5,4757.0,69700.0,40.6,62.7,2.2,287.4,126.0,99.2,98.1,106.8,105.3,68.1,60.2,8.7
DE,Germany,Berlin,Western Europe,"{'code': 'EUR', 'name': 'Euro'}",3949549.0,47513.7,1.5,83.6,78.7,1.6,3.2,97.8,83784.0,0.5,240.4,77.4,0.3,1240700.0,1493090.0,3.0,26.8,1.2,72.1,38881.0,357376.0,32.7,89.7,0.9,1461.0,200.0,104.2,103.9,95.2,101.4,70.7,69.8,718.8
GH,Ghana,Accra,Western Africa,"{'code': 'GHS', 'name': 'Ghana Cedi'}",65535.0,2201.6,6.3,64.7,62.6,3.9,35.6,102.8,31073.0,2.2,136.6,56.7,3.6,10440.0,16768.0,4.5,22.2,28.5,49.4,897.0,238537.0,41.0,39.0,2.1,13.4,255.0,105.6,104.1,64.5,64.6,13.6,17.7,13.8
GR,Greece,Athens,Southern Europe,"{'code': 'EUR', 'name': 'Euro'}",218139.0,20731.2,1.9,84.5,79.5,1.3,2.8,96.4,10423.0,-0.4,80.9,79.4,0.1,62198.0,37886.0,15.5,15.2,11.7,73.1,30123.0,131957.0,31.5,73.0,0.9,147.1,520.0,99.6,99.5,101.4,107.5,137.0,136.2,63.2
GD,Grenada,Saint George's,Caribbean,"{'code': 'XCD', 'name': 'E. Caribbean Dollar'}",1169.0,10485.9,4.1,75.0,70.1,2.1,15.0,101.5,112.0,0.5,331.0,36.4,0.5,470.0,32.0,10.9,17.55,9.65,70.0,185.0,345.0,50.0,59.1,10.8,0.0,60.0,106.0,107.7,122.1,118.2,116.2,93.2,18.0
GT,Guatemala,Guatemala City,Central America,"{'code': 'GTQ', 'name': 'Quetzal'}",78461.0,4549.0,3.1,76.8,71.0,2.9,20.7,97.1,17916.0,1.9,167.2,51.4,2.7,19871.0,11289.0,2.5,18.4,31.3,50.3,1781.0,108889.0,33.0,65.0,22.5,146.8,352.0,100.5,103.2,51.4,54.0,23.6,20.0,15.7
GN,Guinea,Conakry,Western Africa,"{'code': 'GNF', 'name': 'Guinean Franc'}",11640.0,937.6,5.8,61.5,60.3,4.7,51.6,93.7,13133.0,2.8,53.4,36.5,3.1,2032.0,2384.0,4.3,6.2,61.3,32.5,99.0,245857.0,25.9,18.0,1.9,6.4,365.0,82.4,100.5,31.0,47.5,7.0,16.2,8.3
GW,Guinea-Bissau,Bissau,Western Africa,"{'code': 'XOF', 'name': 'Cfa Franc, Bceao'}",1459.0,778.4,3.8,59.7,55.8,4.5,57.1,95.8,1968.0,2.5,70.0,43.8,3.6,188.0,3731.0,2.5,7.0,67.8,25.2,45.0,36125.0,70.1,3.9,1.1,1.9,92.0,114.5,122.9,41.1,45.0,7.55,13.35,8.3
GY,Guyana,Georgetown,South America,"{'code': 'GYD', 'name': 'Guyana Dollar'}",3818.0,4900.8,3.4,72.9,66.7,2.5,26.8,101.2,787.0,0.5,4.0,26.7,0.4,3467.0,1405.0,11.8,22.9,16.8,60.3,287.0,214969.0,84.0,37.3,14.2,36.5,122.0,96.0,99.6,99.2,96.3,15.4,7.8,49.7
HT,Haiti,Port-Au-Prince,Caribbean,"{'code': 'HTG', 'name': 'Gourde'}",9287.0,834.9,1.5,65.7,61.4,3.0,54.3,97.4,11402.0,1.3,413.7,56.2,3.3,3118.0,746.0,13.9,6.6,28.3,65.0,447.0,27750.0,3.5,32.5,6.7,3.0,269.0,103.80000000000001,106.55000000000001,101.9,100.4,51.0,32.3,3.3
HN,Honduras,Tegucigalpa,Central America,"{'code': 'HNL', 'name': 'Lempira'}",23970.0,2500.1,3.7,77.3,72.7,2.5,15.0,99.9,9905.0,1.7,88.5,57.7,3.0,10059.0,4161.0,5.2,19.7,30.1,50.2,851.0,112492.0,41.0,31.7,38.9,251.6,342.0,91.5,91.6,55.9,48.6,30.3,22.2,9.4
HU,Hungary,Budapest,Eastern Europe,"{'code': 'HUF', 'name': 'Forint'}",157883.0,16264.0,5.1,80.1,73.0,1.5,4.1,90.8,9660.0,-0.2,106.7,71.6,0.2,116556.0,121995.0,3.5,32.8,4.6,62.6,17552.0,93024.0,22.7,76.1,2.5,6.4,123.0,100.5,101.1,103.6,103.4,53.9,43.3,45.8
IS,Iceland,Reykjavik,Northern Europe,"{'code': 'ISK', 'name': 'Iceland Krona'}",25882.0,76867.3,4.6,84.3,81.2,1.8,1.3,100.9,341.0,0.7,3.4,93.9,0.6,6579.0,5228.0,3.2,16.1,3.8,80.1,2344.0,103000.0,0.5,99.0,0.9,1.2,36.0,100.3,100.4,116.9,118.1,94.4,50.6,2.2
IN,India,New Delhi,Southern Asia,"{'code': 'INR', 'name': 'Indian Rupee'}",2779352.0,2054.8,6.8,70.5,68.1,2.2,32.0,108.2,1380004.0,1.0,464.1,34.5,2.4,478884.0,323251.0,5.4,26.2,41.5,32.3,17423.0,3287263.0,23.8,34.4,3.1,206.6,1118.0,121.1,105.6,76.6,73.9,29.1,27.2,2161.6
ID,Indonesia,Jakarta,South-Eastern Asia,"{'code': 'IDR', 'name': 'Rupiah'}",1042173.0,3893.5,5.2,73.6,69.3,2.3,18.9,101.4,273524.0,1.1,151.0,56.0,2.6,170727.0,167003.0,4.8,22.7,27.7,49.6,15810.0,1910931.0,48.5,39.9,0.4,14.0,1654.0,104.6,108.1,90.0,87.8,39.0,33.8,496.4
IR,"Iran, Islamic Republic Of",Tehran,Southern Asia,"{'code': 'IRR', 'name': 'Iranian Rial'}",473091.0,5783.5,-4.8,77.6,75.3,2.2,12.8,102.0,83993.0,1.4,51.6,75.4,2.0,20502.0,17394.0,11.2,30.3,17.8,51.9,7295.0,1628750.0,6.6,70.0,2.5,979.5,161.0,113.9,107.7,84.7,87.9,62.9,73.3,567.1
IQ,Iraq,Baghdad,Western Asia,"{'code': 'IQD', 'name': 'Iraqi Dinar'}",212272.0,5523.1,-1.0,72.4,68.3,3.7,24.1,102.5,40222.0,2.5,92.6,70.7,3.4,31372.0,4658.0,12.8,22.4,17.8,59.9,892.0,435052.0,1.9,75.0,10.1,2132.4,80.0,99.1,117.8,46.0,61.4,12.0,20.1,139.9
IE,Ireland,Dublin,Northern Europe,"{'code': 'EUR', 'name': 'Euro'}",382674.0,79414.6,8.2,83.7,80.4,1.8,2.7,98.6,4938.0,1.2,71.7,63.4,0.6,101473.0,170743.0,5.2,18.5,4.5,77.0,10926.0,69797.0,10.9,84.5,0.9,14.4,79.0,100.7,101.0,124.3,126.3,82.0,73.7,35.7
IL,Israel,Jerusalem,Western Asia,"{'code': 'ILS', 'name': 'New Israeli Sheqel'}",370588.0,44214.9,3.4,84.3,81.0,3.0,2.7,99.1,8656.0,1.6,400.0,92.5,1.7,76579.0,58488.0,3.8,16.8,0.9,82.3,4121.0,22072.0,7.6,83.7,1.5,55.1,207.0,105.4,104.4,106.0,104.2,74.5,52.8,63.8
IT,Italy,Rome,Southern Europe,"{'code': 'EUR', 'name': 'Euro'}",2084882.0,34388.5,0.8,85.4,81.0,1.3,2.6,94.9,60462.0,-0.0,205.6,70.7,0.3,473562.0,532684.0,9.8,25.6,3.6,70.8,61567.0,302073.0,31.6,74.4,0.6,261.4,482.0,100.3,103.4,100.9,101.6,71.5,53.0,321.5
CI,Cote D'ivoire,Yamoussoukro,Western Africa,"{'code': 'XOF', 'name': 'Cfa Franc, Bceao'}",43028.0,1716.4,7.4,58.6,56.1,4.7,60.4,101.7,26378.0,2.5,83.0,51.2,3.4,10483.0,12718.0,3.4,13.4,39.3,47.3,1965.0,322463.0,32.7,46.8,1.9,692.8,280.0,96.0,103.6,44.3,57.7,7.6,11.1,10.2
JM,Jamaica,Kingston,Caribbean,"{'code': 'JMD', 'name': 'Jamaican Dollar'}",15714.0,5354.3,1.9,75.9,72.8,2.0,11.8,98.5,2961.0,0.5,273.4,56.0,0.8,6339.0,1586.0,8.0,16.2,15.7,68.1,2473.0,10990.0,31.0,55.1,43.9,0.0,323.0,88.9,93.0,83.6,81.0,34.7,19.9,7.0
JP,Japan,Tokyo,Eastern Asia,"{'code': 'JPY', 'name': 'Yen'}",4971323.0,39082.1,0.8,87.5,81.3,1.4,1.8,95.4,126476.0,-0.2,346.9,91.7,0.0,720895.0,705640.0,2.3,24.1,3.4,72.6,31192.0,377930.0,68.5,91.3,0.3,31.5,470.0,101.8,102.5,94.05,90.3,66.3,50.3,1132.4
JO,Jordan,Amman,Western Asia,"{'code': 'JOD', 'name': 'Jordanian Dinar'}",42231.0,4237.8,1.9,76.1,72.7,2.8,14.6,102.6,10203.0,1.9,114.9,91.2,5.8,19669.0,8146.0,14.6,24.4,3.0,72.6,4150.0,89318.0,1.1,66.8,1.4,756.1,121.0,80.7,82.2,64.2,62.1,37.4,31.5,25.6
KZ,Kazakhstan,Nur-Sultan,Central Asia,"{'code': 'KZT', 'name': 'Tenge'}",179340.0,9789.5,4.1,77.4,68.8,2.8,7.7,94.3,18777.0,1.3,7.0,57.5,1.7,38357.0,57723.0,4.6,20.5,15.4,64.1,4560.0,2724902.0,1.2,78.9,5.1,8.9,81.0,105.3,103.5,113.8,112.7,68.4,55.4,255.8
KE,Kenya,Nairobi,Eastern Africa,"{'code': 'KES', 'name': 'Kenyan Shilling'}",87906.0,1710.5,6.3,68.5,63.8,3.5,36.3,98.8,53771.0,2.3,94.5,27.5,4.4,19845.0,6526.0,2.6,7.4,53.8,38.7,1364.0,591958.0,7.8,17.8,4.9,492.5,549.0,103.4,103.0,53.7,59.9,9.7,13.2,16.3
KP,"Korea, Democratic People's Republic Of",Pyongyang,Eastern Asia,"{'code': 'KPW', 'name': 'North Korean Won'}",17487.0,687.9,-4.1,75.4,68.3,1.9,13.9,95.7,25779.0,0.5,214.1,62.1,0.8,3273.0,1080.0,2.8,13.2,51.1,35.7,23269.5,120538.0,41.8,0.0,0.55,29.6,88.0,112.8,112.8,93.3,92.3,18.2,35.5,19.6
KR,"Korea, Republic Of",Seoul,Eastern Asia,"{'code': 'KRW', 'name': 'South Korean Won'}",1720489.0,33621.9,2.7,85.7,79.6,1.1,2.1,100.2,51269.0,0.2,527.3,81.4,0.3,503263.0,542172.0,4.6,25.0,4.8,70.2,15347.0,100284.0,63.4,96.0,0.6,27.7,136.0,98.0,98.2,100.0,100.6,82.8,104.8,600.0
KW,Kuwait,Kuwait City,Western Asia,"{'code': 'KWD', 'name': 'Kuwaiti Dinar'}",141698.0,34248.8,1.2,76.4,74.6,2.1,7.1,157.9,4271.0,2.1,239.7,100.0,5.4,40063.0,81282.0,2.3,24.4,2.0,73.7,8508.0,17818.0,0.4,99.6,1.8,93.7,57.0,97.2,88.1,101.0,94.9,76.1,35.8,89.4
KG,Kyrgyzstan,Bishkek,Central Asia,"{'code': 'KGS', 'name': 'Som'}",8093.0,1283.8,3.5,75.4,67.2,3.0,15.5,97.9,6524.0,1.8,34.0,36.6,1.8,5906.0,2517.0,6.6,24.7,20.4,54.9,6947.0,199949.0,3.3,38.0,2.2,0.6,43.0,107.2,107.9,95.0,95.1,46.7,36.0,8.9
LA,Lao People's Democratic Republic,Vientiane,South-Eastern Asia,"{'code': 'LAK', 'name': 'Lao Kip'}",17954.0,2542.5,6.2,69.2,65.7,2.7,38.8,100.8,7276.0,1.5,31.5,35.6,3.2,5797.0,5809.0,0.6,12.2,61.7,26.2,3770.0,236800.0,81.3,25.5,1.9500000000000002,0.0,250.0,100.4,104.3,65.0,69.6,15.5,14.4,126.5
LV,Latvia,Riga,Northern Europe,"{'code': 'EUR', 'name': 'Euro'}",34426.0,17851.6,4.6,79.8,69.9,1.7,3.3,85.5,1886.0,-1.1,30.3,68.2,-1.2,17768.0,14447.0,6.5,23.7,6.5,69.8,1946.0,64573.0,54.0,83.6,4.4,225.5,40.0,99.5,99.3,110.2,111.3,105.1,72.0,6.7
LB,Lebanon,Beirut,Western Asia,"{'code': 'LBP', 'name': 'Lebanese Pound'}",56409.0,8223.7,0.2,80.8,77.0,2.1,9.4,101.4,6825.0,0.9,667.2,88.8,6.2,18472.0,3154.0,6.3,22.3,13.4,64.3,1964.0,10452.0,13.4,78.2,2.5,949.6,109.0,99.15,99.25,100.7,98.44999999999999,59.1,36.4,26.9
LS,Lesotho,Maseru,Southern Africa,"{'code': 'LSL', 'name': 'Loti'}",2631.0,1248.0,1.2,56.8,50.4,3.2,62.3,97.4,2142.0,0.8,70.6,28.6,2.9,1171.0,345.0,22.8,41.9,8.4,49.6,1173.0,30355.0,1.6,29.0,43.6,0.1,19.0,117.8,124.1,71.3,52.8,12.4,8.0,7.7
LR,Liberia,Monrovia,Western Africa,"{'code': 'LRD', 'name': 'Liberian Dollar'}",2122.0,440.3,1.2,65.0,62.2,4.4,54.1,101.1,5058.0,2.5,52.5,51.6,3.4,345.0,841.0,2.7,10.1,43.0,46.9,423.5,111369.0,43.4,8.0,3.3,8.8,218.0,84.7,85.5,32.9,42.8,9.2,14.7,8.3
LY,Libya,Tripoli,Northern Africa,"{'code': 'LYD', 'name': 'Libyan Dinar'}",34377.0,5147.3,17.9,75.7,69.9,2.2,10.5,101.9,6871.0,1.4,3.9,80.4,0.5,2450.0,489.0,18.6,21.7,18.8,59.5,34.0,1676198.0,0.1,21.8,2.6,321.4,75.0,106.6,111.3,106.0,90.2,35.8,34.6,41.5
LI,Liechtenstein,Vaduz,Western Europe,"{'code': 'CHF', 'name': 'Swiss Franc'}",6796.0,179258.2,2.0,83.8,79.4,1.5,3.0,98.4,39.0,0.7,241.5,14.4,0.5,426489.0,445214.0,2.6,20.0,2.0,77.7,85.0,160.0,43.1,98.1,2.6,0.2,13.0,102.9,106.3,105.1,129.1,27.4,43.6,90.4
LT,Lithuania,Vilnius,Northern Europe,"{'code': 'EUR', 'name': 'Euro'}",53455.0,19082.5,3.6,81.1,70.0,1.7,4.0,86.2,2722.0,-1.5,43.4,67.9,-1.1,35612.0,33123.0,6.3,25.9,6.6,67.4,2825.0,65286.0,34.8,79.7,4.6,5.1,41.0,103.9,103.9,106.0,110.6,84.0,61.4,10.8
LU,Luxembourg,Luxembourg,Western Europe,"{'code': 'EUR', 'name': 'Euro'}",70920.0,117369.5,3.1,84.2,79.8,1.4,2.9,102.3,626.0,2.0,241.7,91.2,2.6,23057.0,15433.0,5.2,11.5,1.0,87.5,1018.0,2586.0,35.7,97.1,0.3,5.7,16.0,102.0,102.6,104.8,102.6,20.1,18.2,8.6
MG,Madagascar,Antananarivo,Eastern Africa,"{'code': 'MGA', 'name': 'Malagasy Ariary'}",13851.0,527.4,4.6,68.1,64.9,4.1,29.0,99.6,27691.0,2.7,47.6,37.9,4.7,3603.0,2689.0,1.8,9.1,63.8,27.1,291.0,587295.0,21.4,9.8,6.3,0.2,2910.0,143.1,142.0,37.1,36.0,5.2,5.5,8.649999999999999
MW,Malawi,Lilongwe,Eastern Africa,"{'code': 'MWK', 'name': 'Malawi Kwacha'}",7196.0,396.6,4.0,66.6,60.3,4.2,41.3,97.3,19130.0,2.7,202.9,17.2,3.9,360.0,819.0,5.7,13.8,43.2,43.0,871.0,118484.0,33.4,13.8,1.8,39.3,130.0,143.1,141.8,39.9,40.6,0.6,1.0,8.649999999999999
MY,Malaysia,Kuala Lumpur,South-Eastern Asia,"{'code': 'MYR', 'name': 'Malaysian Ringgit'}",358579.0,11373.3,4.7,78.1,74.0,2.0,5.9,105.7,32366.0,1.3,98.5,76.6,2.7,204906.0,238089.0,3.4,26.8,10.1,63.1,25832.0,330323.0,67.6,81.2,2.1,266.5,1662.0,106.0,104.6,85.4,78.8,49.9,40.7,211.0
MV,Maldives,Male,Southern Asia,"{'code': 'MVR', 'name': 'Rufiyaa'}",5327.0,10330.6,6.9,80.4,77.1,1.9,6.8,173.5,540.0,3.4,1801.8,40.2,3.9,2883.0,163.0,6.4,18.3,8.2,73.4,1484.0,300.0,3.3,63.2,0.7,911.8,80.0,98.1,96.2,80.65,75.65,59.8,16.6,130.85
ML,Mali,Bamako,Western Africa,"{'code': 'XOF', 'name': 'Cfa Franc, Bceao'}",17172.0,900.1,6.7,59.5,58.0,5.9,65.8,100.4,20251.0,3.0,16.6,43.1,5.0,8277.0,879.0,7.3,7.6,62.3,30.2,193.0,1240192.0,3.9,13.0,1.9,182.9,62.0,71.6,79.5,37.0,45.0,2.7,6.3,8.3
MT,Malta,Valletta,Southern Europe,"{'code': 'EUR', 'name': 'Euro'}",14549.0,33122.8,6.6,84.1,80.4,1.4,5.0,100.6,442.0,0.4,1379.8,94.7,0.6,8211.0,4143.0,3.4,18.0,0.9,81.0,2599.0,315.0,1.1,81.7,1.6,10.7,49.0,105.1,104.9,104.7,104.8,63.2,46.0,1.5
MR,Mauritania,Nouakchott,Western Africa,"{'code': 'MRU', 'name': 'Ouguiya'}",7620.0,1730.4,3.6,66.2,63.0,4.6,53.4,100.9,4650.0,2.8,4.5,54.5,4.8,3525.0,2301.0,9.6,13.1,50.6,36.3,423.5,1030700.0,0.2,20.8,1.9,87.3,94.0,102.8,97.1,37.1,36.5,3.3,6.6,8.3
TR,Turkey,Ankara,Western Asia,"{'code': 'TRY', 'name': 'Turkish Lira'}",771355.0,9367.9,2.8,80.2,74.3,2.1,8.9,97.5,84339.0,1.4,109.6,75.6,2.4,210343.0,180839.0,12.9,26.1,18.0,55.9,45768.0,783562.0,15.2,71.0,2.6,3940.1,435.0,92.7,93.6,103.4,108.5,59.1,36.4,378.6
MX,Mexico,Mexico City,Central America,"{'code': 'MXN', 'name': 'Mexican Peso'}",1223401.0,9694.9,2.0,77.8,72.1,2.1,13.5,95.8,128933.0,1.1,66.3,80.4,1.8,467293.0,472273.0,3.6,26.2,12.4,61.4,41313.0,1964375.0,34.0,65.8,29.1,302.1,1656.0,106.0,105.5,108.2,100.7,40.6,39.8,446.0
MD,"Moldova, Republic Of",Chisinau,Eastern Europe,"{'code': 'MDL', 'name': 'Moldovan Leu'}",11309.0,2791.0,2.8,75.9,67.4,1.3,12.4,91.9,4034.0,-0.2,122.8,42.7,-0.2,5842.0,2779.0,5.4,17.1,35.4,47.5,160.0,33846.0,12.4,76.1,4.1,4.2,33.0,90.6,90.6,86.5,87.3,45.7,34.2,7.5
MC,Monaco,Monaco,Western Europe,"{'code': 'EUR', 'name': 'Euro'}",7188.0,185835.0,6.1,83.8,79.4,1.55,3.0,94.7,39.0,0.5,26373.8,100.0,0.6,426489.0,445214.0,4.8,20.0,2.0,77.7,347.0,2.0,32.2,97.1,0.0,0.0,34.0,103.5,103.9,104.44999999999999,104.1,71.75,64.05,90.4
MN,Mongolia,Ulaanbaatar,Eastern Asia,"{'code': 'MNT', 'name': 'Tugrik'}",13010.0,4103.7,6.7,73.8,65.5,2.9,18.1,97.1,3278.0,1.8,2.1,68.5,2.1,6039.0,7433.0,6.0,19.5,26.9,53.6,529.0,1564116.0,8.1,47.2,6.2,0.1,43.0,102.8,105.3,94.8,88.3,76.7,54.7,19.3
ME,Montenegro,Podgorica,Southern Europe,"{'code': 'EUR', 'name': 'Euro'}",5507.0,8771.7,5.1,79.1,74.2,1.8,2.8,97.8,628.0,0.0,46.7,67.2,0.6,2903.0,459.0,14.8,19.2,7.8,73.0,2077.0,13812.0,61.5,71.5,2.2,13.6,113.0,97.6,102.2,90.5,89.3,64.9,47.9,2.2
MA,Morocco,Rabat,Northern Africa,"{'code': 'MAD', 'name': 'Moroccan Dirham'}",117921.0,3272.9,3.7,77.5,75.1,2.4,19.9,98.5,36911.0,1.3,82.7,63.0,2.4,51075.0,29328.0,9.0,21.8,34.1,44.0,12289.0,446550.0,12.6,64.8,1.4,9.1,238.0,111.5,116.1,76.6,83.7,35.7,36.2,58.1
MZ,Mozambique,Maputo,Eastern Africa,"{'code': 'MZN', 'name': 'Mozambique Metical'}",14717.0,498.9,3.4,62.8,57.0,4.9,53.9,94.5,31255.0,2.9,39.7,36.5,4.5,8270.0,5878.0,3.2,8.6,69.9,21.5,2743.0,799380.0,48.2,10.0,3.5,25.1,426.0,108.4,116.8,33.4,37.4,6.5,8.1,7.6
MM,Myanmar,Nay Pyi Taw,South-Eastern Asia,"{'code': 'MMK', 'name': 'Kyat'}",72745.0,1354.4,6.2,69.8,63.7,2.2,38.4,93.0,54410.0,0.6,83.3,30.9,1.5,18578.0,17997.0,1.7,16.3,48.1,35.6,3551.0,676577.0,44.5,30.7,2.3,883.5,357.0,109.7,114.8,71.3,65.6,22.0,15.6,30.4
,Namibia,Windhoek,Southern Africa,"{'code': 'NAD', 'name': 'Namibia Dollar'}",14519.0,5930.1,-0.1,65.8,60.0,3.4,33.4,94.1,2541.0,1.9,3.1,51.0,4.6,8086.0,6258.0,20.6,16.4,21.8,61.8,1499.0,824116.0,8.4,51.0,17.7,4.3,117.0,122.1,126.4,70.0,61.5,30.3,15.3,4.0
NP,Nepal,Kathmandu,Southern Asia,"{'code': 'NPR', 'name': 'Nepalese Rupee'}",27830.0,990.6,6.7,71.7,68.8,1.9,27.9,84.5,29137.0,1.5,203.3,20.2,3.2,4737.0,588.0,1.5,15.3,64.5,20.2,1173.0,147181.0,25.4,34.0,2.3,19.3,109.0,143.5,140.8,83.0,77.4,12.8,12.0,10.1
NL,Netherlands,Amsterdam,Western Europe,"{'code': 'EUR', 'name': 'Euro'}",914105.0,53583.1,2.6,83.8,80.3,1.7,2.5,99.3,17135.0,0.2,508.2,91.9,1.0,514513.0,577617.0,3.0,15.8,2.0,82.2,18780.0,41542.0,11.2,94.7,0.6,109.1,71.0,104.2,104.2,136.5,134.7,90.9,79.3,155.6
NZ,New Zealand,Wellington,Oceania,"{'code': 'NZD', 'name': 'New Zealand Dollar'}",207921.0,43836.2,2.8,83.8,80.3,1.9,3.8,96.7,4822.0,0.9,18.3,86.6,1.1,42271.0,39540.0,4.0,19.4,5.6,75.1,3686.0,268107.0,38.6,90.8,0.7,2.6,261.0,100.2,99.8,118.2,111.1,97.2,67.9,32.2
NI,Nicaragua,Managua,Central America,"{'code': 'NIO', 'name': 'Cordoba Oro'}",13118.0,2028.9,-3.8,77.7,70.6,2.4,16.8,97.2,6625.0,1.2,55.0,58.8,1.5,8426.0,3998.0,7.4,15.6,30.6,53.8,1256.0,130373.0,25.9,27.9,7.2,0.8,161.0,120.1,121.1,78.0,69.1,31.1,27.5,5.1
NE,Niger,Niamey,Western Africa,"{'code': 'XOF', 'name': 'Cfa Franc, Bceao'}",12821.0,571.3,7.0,63.0,60.7,7.0,46.3,101.1,24207.0,3.8,19.1,16.5,3.9,1127.0,232.0,0.5,7.2,74.8,18.0,157.0,1267000.0,0.9,5.3,4.4,411.2,37.0,69.2,80.1,20.7,27.7,2.6,6.2,2.0
NG,Nigeria,Abuja,Western Africa,"{'code': 'NGN', 'name': 'Naira'}",421821.0,2153.5,1.9,55.1,53.3,5.4,62.1,102.8,206140.0,2.6,226.3,51.2,4.6,72765.0,79964.0,8.0,12.2,34.7,53.1,1889.0,923768.0,7.7,42.0,34.5,2211.1,380.0,82.2,87.2,39.8,44.1,8.3,12.0,86.0
MK,"Macedonia, The Former Yugoslav Republic Of",Skopje,Southern Europe,"{'code': 'MKD', 'name': 'Denar'}",12629.0,6062.9,3.3,77.6,73.6,1.5,10.7,100.1,2083.0,0.0,82.6,58.2,0.2,9470.0,7186.0,16.4,31.4,15.1,53.5,707.0,25713.0,39.6,79.2,1.2,17.6,133.0,97.1,97.2,80.3,82.5,48.6,36.7,7.4
OM,Oman,Muscat,Western Asia,"{'code': 'OMR', 'name': 'Rial Omani'}",92111.0,19072.8,2.1,80.0,75.8,2.9,7.3,194.1,5107.0,3.6,16.5,85.4,8.0,23383.0,38723.0,2.6,32.8,4.4,62.7,2301.0,309500.0,0.0,80.2,0.3,0.6,112.0,108.6,98.6,102.5,111.0,55.6,26.4,65.5
PK,Pakistan,Islamabad,Southern Asia,"{'code': 'PKR', 'name': 'Pakistan Rupee'}",282346.0,1330.4,5.4,68.0,66.1,3.6,61.3,106.0,220892.0,2.0,286.5,36.9,2.7,50047.0,23759.0,4.4,25.8,35.9,38.3,966.0,796095.0,1.9,15.5,3.9,1518.4,155.0,86.1,102.0,39.1,45.9,8.3,9.6,183.4
PA,Panama,Panama City,Central America,"{'code': 'PAB', 'name': 'Balboa'}",65055.0,15575.1,3.7,81.5,75.1,2.5,14.1,100.2,4315.0,1.7,58.0,68.1,2.2,12836.0,713.0,3.8,18.8,13.7,67.5,1785.0,75320.0,62.3,57.9,9.4,113.5,400.0,93.4,95.4,78.3,74.1,58.6,37.3,9.6
PY,Paraguay,AsunciãN,South America,"{'code': 'PYG', 'name': 'Guarani'}",40307.0,5794.6,4.0,76.2,72.1,2.4,19.0,103.3,7132.0,1.3,18.0,61.9,1.8,12360.0,12425.0,4.8,17.9,19.9,62.1,1181.0,406752.0,38.6,65.0,7.1,4.3,67.0,103.0,105.7,78.6,73.3,40.9,28.6,7.7
PE,Peru,Lima,South America,"{'code': 'PEN', 'name': 'Sol'}",222237.0,6947.3,4.0,79.2,73.7,2.3,12.8,98.7,32972.0,1.6,25.8,78.1,1.6,42376.0,46132.0,3.2,15.3,27.2,57.5,4419.0,1285216.0,57.8,52.5,7.9,860.1,819.0,105.1,108.8,103.6,109.3,72.7,68.7,49.7
PH,Philippines,Manila,South-Eastern Asia,"{'code': 'PHP', 'name': 'Philippine Piso'}",330910.0,3102.7,6.2,75.3,67.1,2.6,19.7,100.9,109581.0,1.4,367.5,47.1,2.1,117247.0,70927.0,2.2,19.8,22.5,57.6,7168.0,300000.0,27.0,60.1,6.5,226.8,884.0,105.5,109.4,90.6,82.0,40.4,30.8,126.5
PL,Poland,Warsaw,Eastern Europe,"{'code': 'PLN', 'name': 'Zloty'}",585661.0,15444.0,5.1,82.4,74.5,1.4,3.3,94.0,37847.0,-0.1,123.6,60.0,-0.2,246654.0,251865.0,3.0,32.0,8.9,59.1,19622.0,312679.0,30.8,77.5,0.7,26.5,95.0,100.0,100.0,108.1,111.7,81.9,54.4,305.8
PT,Portugal,Lisbon,Southern Europe,"{'code': 'EUR', 'name': 'Euro'}",240792.0,23477.7,2.4,84.6,78.7,1.3,3.0,89.8,10197.0,-0.3,111.3,65.8,0.5,89929.0,67012.0,5.9,24.6,5.7,69.8,16186.0,92226.0,34.7,74.7,0.8,3.0,465.0,104.4,107.9,118.7,121.1,67.7,60.1,50.8
QA,Qatar,Doha,Western Asia,"{'code': 'QAR', 'name': 'Qatari Rial'}",191362.0,68793.7,1.5,81.8,78.9,1.9,6.3,302.4,2881.0,2.3,248.2,99.2,6.7,29178.0,72935.0,0.1,54.4,1.2,44.5,1819.0,11607.0,0.0,99.7,0.4,1.5,50.0,104.4,103.3,102.7,108.3,54.9,7.0,80.1
RO,Romania,Bucharest,Eastern Europe,"{'code': 'RON', 'name': 'Romanian Leu'}",239552.0,12280.8,4.0,79.3,72.4,1.6,6.7,94.6,19238.0,-0.7,83.6,54.1,-0.5,96644.0,77299.0,3.9,30.1,21.3,48.6,11720.0,238391.0,29.8,70.7,1.3,4.8,140.0,84.6,85.7,91.4,91.1,55.4,43.8,70.8
RU,Russian Federation,Moscow,Eastern Europe,"{'code': 'RUB', 'name': 'Russian Ruble'}",1660514.0,11394.1,2.3,77.5,66.8,1.8,5.8,86.4,145934.0,0.1,8.9,74.6,0.2,247161.0,426720.0,4.4,26.6,5.6,67.8,24551.0,17098246.0,49.8,80.9,8.2,135.5,279.0,102.3,102.8,102.1,104.7,89.1,75.0,1536.9
RW,Rwanda,Kigali,Eastern Africa,"{'code': 'RWF', 'name': 'Rwanda Franc'}",9510.0,773.0,8.6,70.5,66.3,4.1,29.2,96.7,12952.0,2.6,525.0,17.3,2.6,3214.0,992.0,1.0,9.1,61.7,29.2,932.0,26338.0,19.5,21.8,2.6,150.1,168.0,132.1,134.0,43.3,38.5,6.0,7.5,8.649999999999999
KN,Saint Kitts And Nevis,Basseterre,Caribbean,"{'code': 'XCD', 'name': 'E. Caribbean Dollar'}",1011.0,19275.4,2.9,76.55,72.15,1.9,12.5,97.0,57.0,0.9,218.5,30.8,0.8,338.0,63.0,10.9,17.55,9.65,70.0,125.0,261.0,42.3,80.7,36.1,0.0,57.0,107.1,110.4,108.7,105.1,115.9,57.7,18.0
LC,Saint Lucia,Castries,Caribbean,"{'code': 'XCD', 'name': 'E. Caribbean Dollar'}",1922.0,10566.0,0.9,77.4,74.7,1.4,12.5,97.0,184.0,0.5,301.0,18.8,0.6,598.0,55.0,20.2,18.3,17.0,64.7,395.0,539.0,33.3,50.8,21.4,0.0,69.0,103.2,102.1,89.4,89.3,18.7,9.4,18.0
VC,Saint Vincent And The Grenadines,Kingstown,Caribbean,"{'code': 'XCD', 'name': 'E. Caribbean Dollar'}",811.0,7361.3,2.2,74.9,70.1,1.9,14.6,102.7,111.0,0.3,284.5,52.6,0.8,335.0,37.0,18.9,19.9,10.5,69.5,80.0,389.0,69.2,22.4,36.5,0.0,65.0,112.7,114.1,108.7,105.9,29.8,17.8,18.0
SM,San Marino,San Marino,Southern Europe,"{'code': 'EUR', 'name': 'Euro'}",1638.0,48472.7,1.1,86.4,81.7,1.4,3.5,94.9,34.0,0.5,563.5,97.4,1.4,26730.0,17063.0,6.6,34.3,0.3,65.4,84.0,61.0,0.0,60.2,0.0,15.600000000000001,2.0,116.9,100.4,63.8,71.5,36.0,48.6,19.25
ST,Sao Tome And Principe,Sao Tome,Middle Africa,"{'code': 'STN', 'name': 'Dobra'}",411.0,1948.1,2.2,72.4,67.7,4.4,26.4,100.2,219.0,1.9,228.3,73.6,3.8,165.0,14.0,13.7,18.4,18.7,62.9,33.0,964.0,55.8,29.9,3.3,667.4,108.0,105.0,108.5,95.9,82.9,13.7,13.1,3.4
SA,Saudi Arabia,Riyadh,Western Asia,"{'code': 'SAR', 'name': 'Saudi Riyal'}",782483.0,23217.2,2.2,76.5,73.7,2.3,6.3,137.1,34814.0,1.9,16.2,84.1,3.1,136472.0,259208.0,5.9,24.8,2.3,72.9,15334.0,2206714.0,0.5,93.3,1.3,72.5,144.0,100.3,99.2,106.8,113.2,69.9,66.3,532.2
SN,Senegal,Dakar,Western Africa,"{'code': 'XOF', 'name': 'Cfa Franc, Bceao'}",23809.0,1501.7,6.8,69.4,65.3,4.6,32.7,95.3,16744.0,2.8,87.0,47.7,3.9,8143.0,4175.0,6.7,13.6,29.4,56.9,1365.0,196712.0,43.0,46.0,0.3,16.2,145.0,86.1,75.9,45.7,41.7,10.3,15.2,8.3
RS,Serbia,Belgrade,Southern Europe,"{'code': 'RSD', 'name': 'Serbian Dinar'}",50597.0,7208.8,4.4,78.4,73.2,1.5,4.9,96.0,8737.0,-0.3,99.9,56.3,-0.1,26730.0,19630.0,12.7,27.4,15.1,57.6,1711.0,88499.0,31.1,73.4,1.2,250.7,86.0,100.3,100.3,95.6,94.6,78.3,56.7,46.1
SC,Seychelles,Victoria,Eastern Africa,"{'code': 'SCR', 'name': 'Seychelles Rupee'}",1590.0,16377.9,7.9,77.3,69.8,2.5,10.9,105.3,98.0,0.7,213.8,57.1,1.3,1438.0,824.0,4.1,17.9,3.6,78.2,362.0,457.0,88.4,58.8,12.5,0.0,451.0,103.3,97.6,84.2,78.8,23.3,11.2,8.649999999999999
SL,Sierra Leone,Freetown,Western Africa,"{'code': 'SLL', 'name': 'Leone'}",4101.0,536.1,4.6,54.8,53.2,4.3,80.8,99.6,7977.0,2.1,110.5,42.5,3.3,741.0,44.0,4.4,6.5,54.4,39.1,57.0,72300.0,42.2,9.0,1.7,0.4,236.0,114.7,110.8,41.1,42.5,7.55,13.35,8.3
SG,Singapore,Singapore,South-Eastern Asia,"{'code': 'SGD', 'name': 'Singapore Dollar'}",361115.0,62720.9,3.2,85.5,81.2,1.2,1.6,109.8,5850.0,0.9,8357.6,100.0,1.7,358975.0,390332.0,4.4,15.2,0.7,84.1,14673.0,719.0,23.1,88.2,0.2,1.3,326.0,100.6,100.7,107.0,108.1,91.2,78.9,47.4
SK,Slovakia,Bratislava,Eastern Europe,"{'code': 'EUR', 'name': 'Euro'}",105956.0,19430.8,4.0,80.8,73.7,1.5,4.8,94.9,5460.0,0.1,113.5,53.7,-0.2,90979.0,90050.0,5.1,36.1,2.1,61.8,2256.0,49035.0,40.3,80.7,1.1,2.5,116.0,98.4,99.0,91.6,90.5,56.6,37.1,32.2
SI,Slovenia,Ljubljana,Southern Europe,"{'code': 'EUR', 'name': 'Euro'}",54034.0,26005.1,4.1,83.8,78.2,1.6,1.9,99.2,2079.0,0.1,103.2,54.8,0.7,38179.0,37557.0,3.8,33.5,5.1,61.5,4425.0,20273.0,62.0,79.8,0.5,1.2,175.0,100.6,100.2,117.1,114.2,93.0,64.9,13.4
SO,Somalia,Mogadishu,Eastern Africa,"{'code': 'SOS', 'name': 'Somali Shilling'}",1494.0,99.6,3.1,58.7,55.3,6.1,69.3,99.4,15893.0,2.8,25.3,45.6,4.8,549.0,1179.0,11.4,3.5,83.0,13.4,871.0,637657.0,10.1,2.0,6.3,2694.7,199.0,16.6,30.1,3.7,8.1,5.2,7.5,8.649999999999999
ZA,South Africa,Pretoria,Southern Africa,"{'code': 'ZAR', 'name': 'Rand'}",368094.0,6369.2,0.8,67.1,60.2,2.4,27.2,97.1,59309.0,1.4,48.9,66.9,2.2,88037.0,89396.0,28.5,22.7,5.0,72.3,10472.0,1221037.0,7.6,56.2,36.4,273.5,597.0,99.1,102.6,109.0,100.4,26.4,18.4,421.7
SS,South Sudan,Juba,Eastern Africa,"{'code': 'SSP', 'name': 'S. Sudanese Pound'}",8207.0,747.7,3.4,58.9,56.0,4.7,64.4,100.2,11194.0,0.9,18.3,19.9,4.4,1238.0,1091.0,12.3,14.1,56.1,29.7,871.0,658841.0,19.7,8.0,14.9,2189.6,61.0,60.4,85.3,7.7,14.3,5.2,7.5,1.5
ES,Spain,Madrid,Southern Europe,"{'code': 'EUR', 'name': 'Euro'}",1419735.0,30405.8,2.4,86.0,80.6,1.3,2.3,96.6,46755.0,0.0,93.7,80.6,0.1,375485.0,337215.0,13.0,20.2,4.0,75.8,82773.0,505944.0,36.9,86.1,0.6,149.1,752.0,103.6,101.9,126.9,125.2,97.0,81.1,253.4
LK,Sri Lanka,Colombo,Southern Asia,"{'code': 'LKR', 'name': 'Sri Lanka Rupee'}",88942.0,4189.7,3.2,80.0,73.3,2.2,7.6,92.1,21413.0,0.5,341.5,18.6,0.5,17992.0,12589.0,4.2,30.4,23.7,45.9,2334.0,65610.0,33.0,34.1,2.4,37.6,641.0,99.6,100.7,102.6,98.0,23.4,15.8,23.1
SD,Sudan,Khartoum,Northern Africa,"{'code': 'SDG', 'name': 'Sudanese Pound'}",50515.0,1208.4,-2.3,66.8,63.1,4.4,42.9,99.8,43849.0,2.4,24.8,34.9,2.8,12286.0,4127.0,16.6,15.9,39.7,44.4,836.0,1002000.0,0.8,30.9,5.1,2974.1,158.0,74.4,79.2,47.0,46.3,17.1,16.8,18.8
SR,Suriname,Paramaribo,South America,"{'code': 'SRD', 'name': 'Surinam Dollar'}",3458.0,6003.7,2.6,74.8,68.3,2.4,17.5,101.0,587.0,1.0,3.8,66.1,0.9,1711.0,1461.0,7.5,23.5,7.4,69.1,278.0,163820.0,98.3,48.9,5.4,0.4,88.0,108.7,109.0,88.6,67.1,59.55,47.3,1.9
SE,Sweden,Stockholm,Northern Europe,"{'code': 'SEK', 'name': 'Swedish Krona'}",556086.0,55766.8,2.2,84.4,80.8,1.8,2.0,100.4,10099.0,0.7,24.6,87.7,1.1,158710.0,160538.0,6.7,17.7,1.6,80.7,7440.0,438574.0,68.9,92.1,1.1,310.4,98.0,127.4,125.8,157.9,148.1,82.1,52.7,37.6
CH,Switzerland,Bern,Western Europe,"{'code': 'CHF', 'name': 'Swiss Franc'}",705141.0,82708.5,2.8,85.4,81.6,1.5,3.4,98.5,8655.0,0.8,219.0,73.8,1.2,276292.0,313630.0,4.8,20.0,2.9,77.2,10362.0,41291.0,31.7,89.7,0.6,120.1,128.0,104.8,105.5,100.2,104.7,60.3,58.8,37.1
SY,Syrian Arab Republic,Damascus,Western Asia,"{'code': 'SYP', 'name': 'Syrian Pound'}",16628.0,981.3,2.4,77.7,65.9,2.8,15.5,100.2,17501.0,-0.6,95.3,54.8,-3.6,980.0,534.0,8.4,26.5,10.5,63.0,5070.0,185180.0,2.7,34.3,0.9,6386.7,147.0,80.2,83.1,52.4,52.7,42.8,37.5,23.0
TJ,Tajikistan,Dushanbe,Central Asia,"{'code': 'TJS', 'name': 'Somoni'}",7523.0,826.6,7.1,73.0,68.6,3.6,29.3,101.6,9538.0,2.4,68.1,27.3,2.4,2773.0,2065.0,11.0,16.0,44.2,39.9,1035.0,142600.0,3.0,22.0,1.6,11.3,48.0,100.3,101.4,83.8,93.0,26.9,35.5,5.8
TZ,"Tanzania, United Republic Of",Dodoma,Eastern Africa,"{'code': 'TZS', 'name': 'Tanzanian Shilling'}",57145.0,1044.1,7.0,66.6,63.0,4.9,41.2,99.9,59734.0,3.0,67.4,34.5,5.5,9434.0,4414.0,2.0,6.8,64.9,28.3,1378.0,947303.0,52.0,25.0,6.5,320.3,1259.0,95.4,93.0,30.1,28.8,2.8,5.2,10.1
TH,Thailand,Bangkok,South-Eastern Asia,"{'code': 'THB', 'name': 'Baht'}",504992.0,7273.6,4.1,80.6,73.1,1.5,7.8,94.8,69800.0,0.3,136.6,50.7,2.1,216805.0,233674.0,0.8,22.5,31.2,46.3,38178.0,513120.0,32.1,56.8,2.6,576.9,674.0,99.8,99.8,116.5,118.9,57.8,41.0,244.3
TG,Togo,Lomã,Western Africa,"{'code': 'XOF', 'name': 'Cfa Franc, Bceao'}",5165.0,654.8,4.9,61.4,59.7,4.4,49.7,99.0,8279.0,2.5,152.2,42.2,4.0,1844.0,917.0,2.0,12.9,37.2,49.9,573.0,56785.0,3.5,12.4,1.9,13.0,94.0,121.5,126.0,52.1,71.6,9.8,19.2,2.1
TT,Trinidad And Tobago,Port Of Spain,Caribbean,"{'code': 'TTD', 'name': 'Tt Dollar'}",23808.0,17130.3,-0.2,76.0,70.7,1.7,22.0,97.5,1400.0,0.4,272.8,53.2,0.2,1951.0,12336.0,2.8,26.6,2.9,70.5,375.0,5127.0,45.7,77.3,30.6,43.0,126.0,104.4,108.0,101.9,100.4,51.0,32.3,18.0
TN,Tunisia,Tunis,Northern Africa,"{'code': 'TND', 'name': 'Tunisian Dinar'}",39895.0,3449.6,2.5,78.5,74.4,2.2,12.7,98.4,11819.0,1.1,76.1,69.3,1.6,22453.0,15489.0,16.2,32.5,12.7,54.8,8299.0,163610.0,6.7,64.2,3.1,2.0,107.0,114.9,115.9,99.3,86.9,41.2,22.8,26.2
TM,Turkmenistan,Ashgabat,Central Asia,"{'code': 'TMT', 'name': 'Turkmen. Manat'}",40749.0,6964.6,6.2,71.5,64.5,2.8,43.3,97.0,6031.0,1.6,12.8,52.0,2.5,2764.0,3962.0,4.1,42.6,19.5,37.9,8.0,488100.0,8.8,21.3,4.2,5.2,59.0,87.5,89.2,84.0,87.6,6.2,9.7,69.0
UG,Uganda,Kampala,Eastern Africa,"{'code': 'UGX', 'name': 'Uganda Shilling'}",30098.0,704.4,8.9,65.0,60.4,5.0,46.1,97.2,45741.0,3.6,228.9,24.4,6.0,7686.0,3597.0,1.9,6.6,72.4,20.9,1402.0,241550.0,10.4,23.7,10.5,2445.8,266.0,104.1,101.3,21.8,27.5,4.1,5.6,8.649999999999999
UA,Ukraine,Kyiv,Eastern Europe,"{'code': 'UAH', 'name': 'Hryvnia'}",130832.0,2956.9,3.3,76.6,66.8,1.4,7.2,86.3,43734.0,-0.5,75.5,69.5,-0.4,60783.0,50060.0,8.9,24.8,14.1,61.1,14104.0,603500.0,16.7,62.6,6.2,1540.4,132.0,100.1,98.0,95.0,96.9,88.8,76.8,171.3
AE,United Arab Emirates,Abu Dhabi,Western Asia,"{'code': 'AED', 'name': 'Uae Dirham'}",414179.0,43005.0,1.7,79.1,77.1,1.4,5.5,223.8,9890.0,1.3,118.3,86.8,2.4,244712.0,412260.0,2.4,34.2,1.4,64.4,21286.0,83600.0,4.5,98.4,0.5,8.7,69.0,107.3,109.4,100.4,109.3,59.1,36.4,196.5
GB,United Kingdom,London,Northern Europe,"{'code': 'GBP', 'name': 'Pound Sterling'}",2855297.0,42526.4,1.4,82.9,79.4,1.8,3.8,97.7,67886.0,0.6,280.6,83.7,1.0,692580.0,468160.0,4.1,17.7,1.0,81.3,36316.0,242495.0,13.0,94.9,1.2,176.7,176.0,101.0,101.3,127.7,124.1,69.4,51.0,358.7
US,United States,"Washington, D.C.",Northern America,"{'code': 'USD', 'name': 'Us Dollar'}",20580223.0,62917.9,2.9,81.3,76.3,1.8,5.8,97.9,331003.0,0.6,36.2,82.5,0.9,2567490.0,1644280.0,3.9,19.7,1.3,79.0,79746.0,9833517.0,33.9,87.3,5.0,1043.2,1655.0,101.4,102.2,98.7,99.2,102.0,75.0,4761.3
UY,Uruguay,Montevideo,South America,"{'code': 'UYU', 'name': 'Peso Uruguayo'}",59597.0,17278.1,1.6,81.3,73.9,2.0,8.7,93.5,3474.0,0.4,19.8,95.4,0.5,8226.0,7886.0,8.8,18.7,7.9,73.4,3469.0,173626.0,10.5,74.8,12.1,21.5,116.0,107.6,109.3,126.6,114.1,58.0,34.5,5.9
UZ,Uzbekistan,Tashkent,Central Asia,"{'code': 'UZS', 'name': 'Uzbekistan Sum'}",50500.0,1555.0,5.1,73.6,69.4,2.4,20.8,99.6,33469.0,1.6,78.7,50.4,1.5,21867.0,14930.0,6.1,29.9,23.3,46.8,5346.0,448969.0,7.6,55.2,1.1,95.9,62.0,103.4,105.0,92.7,93.9,8.2,11.8,81.2
VE,"Venezuela, Bolivarian Republic Of",Caracas,South America,"{'code': 'VEF', 'name': 'Bolavar'}",208338.0,7212.2,-18.0,76.1,68.4,2.3,25.7,96.8,28436.0,-1.1,32.2,88.2,1.4,1051.0,3783.0,9.4,16.1,8.4,75.5,427.0,912050.0,52.9,72.0,36.7,452.6,379.0,96.0,98.3,91.6,84.7,100.3,59.3,113.7
VN,Viet Nam,Hanoi,South-Eastern Asia,"{'code': 'VND', 'name': 'Dong'}",244901.0,2563.2,7.1,79.4,71.2,2.1,16.7,99.7,97339.0,1.0,313.9,36.6,3.2,253442.0,264610.0,2.0,28.4,36.2,35.4,15498.0,330967.0,47.6,70.3,1.5,34.1,738.0,111.9,109.5,88.5,81.15,31.7,25.5,191.2
YE,Yemen,Sana'a,Western Asia,"{'code': 'YER', 'name': 'Yemeni Rial'}",26672.0,935.9,-1.3,67.7,64.4,3.8,43.2,101.5,29826.0,2.4,56.5,37.3,4.4,4716.0,24.0,12.8,10.0,28.6,61.4,367.0,527968.0,1.0,26.7,6.8,3922.9,313.0,87.1,99.9,43.3,59.6,6.2,14.0,8.9
ZM,Zambia,Lusaka,Eastern Africa,"{'code': 'ZMW', 'name': 'Zambian Kwacha'}",27283.0,1572.3,4.1,66.2,60.3,4.7,45.6,98.1,18384.0,2.9,24.7,44.1,4.3,7221.0,7029.0,11.4,10.8,48.5,40.7,1072.0,752612.0,65.4,14.3,5.4,81.8,107.0,99.9,97.5,41.599999999999994,39.55,3.5,4.8,6.0
ZW,Zimbabwe,Harare,Eastern Africa,"{'code': 'ZWL', 'name': 'Zimbabwe Dollar'}",24312.0,1683.8,4.8,62.2,59.2,3.6,38.7,91.3,14863.0,1.5,38.4,32.2,1.8,4787.0,4279.0,5.0,6.5,66.3,27.2,2580.0,390757.0,36.4,27.1,7.5,20.8,122.0,108.7,111.1,51.3,53.5,9.2,10.9,9.7
